query id, subject ids, % identity, % positives, alignment length, mismatches, gap opens, q. start, q. end, s. start, s. end, evalue, bit score
Query_345866	gi|1229749564|pdb|5MHD|A	100.000	100.00	21	0	0	1	21	1	21	1.44e-16	75.3
Query_345866	gi|208662|gb|AAA72170.1|	100.000	100.00	21	0	0	1	21	2	22	1.44e-16	75.3
Query_345866	gi|159163014|pdb|1SJU|A	100.000	100.00	21	0	0	1	21	30	50	2.24e-15	75.3
Query_345866	gi|229113|prf||580107B	100.000	100.00	21	0	0	1	21	1	21	2.24e-15	75.3
Query_345866	gi|229122|prf||600165A	100.000	100.00	21	0	0	1	21	1	21	2.42e-15	75.3
Query_345866	gi|229096|prf||550086A	100.000	100.00	21	0	0	1	21	1	21	2.42e-15	75.3
Query_345866	gi|299299|gb|AAB25816.1|	95.238	95.24	21	1	0	1	21	1	21	2.79e-15	71.9
Query_345866	gi|3127060|gb|AAC78289.1|	100.000	100.00	21	0	0	1	21	34	54	2.99e-15	75.3
Query_345866	gi|470321|gb|AAA17540.1|	100.000	100.00	21	0	0	1	21	35	55	3.19e-15	75.3
Query_345866	gi|145694407|gb|ABP93829.1|	100.000	100.00	21	0	0	1	21	39	59	4.10e-15	75.3
Query_345866	gi|1214628408|gb|ASJ76983.1|	100.000	100.00	21	0	0	1	21	40	60	4.35e-15	75.3
Query_345866	gi|1037236141|gb|ANK79259.1|	100.000	100.00	21	0	0	1	21	40	60	4.35e-15	75.3
Query_345866	gi|159162253|pdb|1EFE|A	100.000	100.00	21	0	0	1	21	40	60	4.35e-15	75.3
Query_345866	gi|442540383|gb|AGC54790.1|	100.000	100.00	21	0	0	1	21	43	63	5.13e-15	75.3
Query_345866	gi|14719690|pdb|1JCA|A;gi|14719692|pdb|1JCA|C	95.238	95.24	21	1	0	1	21	1	21	6.01e-15	71.0
Query_345866	gi|159164730|pdb|2JUM|A	95.238	95.24	21	1	0	1	21	1	21	6.01e-15	71.0
Query_345866	gi|497063|gb|AAB60473.1|	95.238	100.00	21	1	0	1	21	19	39	8.56e-15	72.7
Query_345866	gi|394556800|dbj|BAM29044.1|	100.000	100.00	21	0	0	1	21	57	77	9.08e-15	75.3
Query_345866	gi|497065|gb|AAB60474.1|	95.238	100.00	21	1	0	1	21	21	41	1.03e-14	72.7
Query_345866	gi|284793774|pdb|2KQP|A	100.000	100.00	21	0	0	1	21	66	86	1.13e-14	75.3
Query_345866	gi|223965|prf||1006230A	100.000	100.00	21	0	0	1	21	66	86	1.13e-14	75.3
Query_345866	gi|1069429767|gb|AOR50935.1|	100.000	100.00	21	0	0	1	21	48	68	1.17e-14	75.3
Query_345866	gi|333826819|gb|AEG19452.1|	100.000	100.00	21	0	0	1	21	74	94	1.27e-14	75.3
Query_345866	gi|159162498|pdb|1IOG|A	95.238	95.24	21	1	0	1	21	1	21	1.30e-14	70.2
Query_345866	gi|452814811|gb|AGG11869.1|	100.000	100.00	21	0	0	1	21	77	97	1.31e-14	75.3
Query_345866	gi|831240254|ref|XP_012665959.1|	100.000	100.00	21	0	0	1	21	78	98	1.32e-14	75.3
Query_345866	gi|675736160|ref|XP_008967348.1|	100.000	100.00	21	0	0	1	21	78	98	1.32e-14	75.3
Query_345866	gi|505777947|ref|XP_004602925.1|	100.000	100.00	21	0	0	1	21	81	101	1.35e-14	75.3
Query_345866	gi|1187570231|ref|XP_020738945.1|	100.000	100.00	21	0	0	1	21	554	574	1.35e-14	75.3
Query_345866	gi|1048405903|ref|XP_017524755.1|	100.000	100.00	21	0	0	1	21	84	104	1.37e-14	75.3
Query_345866	gi|1207840020|gb|OWK17504.1|	100.000	100.00	21	0	0	1	21	85	105	1.38e-14	75.3
Query_345866	gi|1187570233|ref|XP_020738946.1|	100.000	100.00	21	0	0	1	21	85	105	1.38e-14	75.3
Query_345866	gi|190576611|gb|ACE79098.1|	100.000	100.00	21	0	0	1	21	85	105	1.38e-14	75.3
Query_345866	gi|635011292|ref|XP_008002752.1|	100.000	100.00	21	0	0	1	21	189	209	1.39e-14	75.3
Query_345866	gi|1034085320|ref|XP_016775240.1|	100.000	100.00	21	0	0	1	21	184	204	1.39e-14	75.3
Query_345866	gi|307072|gb|AAA59179.1|	100.000	100.00	21	0	0	1	21	87	107	1.39e-14	75.3
Query_345866	gi|301769513|ref|XP_002920166.1|	100.000	100.00	21	0	0	1	21	89	109	1.40e-14	75.3
Query_345866	gi|1191854327|ref|XP_020936937.1|	100.000	100.00	21	0	0	1	21	155	175	1.40e-14	75.3
Query_345866	gi|1212181548|ref|XP_021540854.1|	100.000	100.00	21	0	0	1	21	90	110	1.40e-14	75.3
Query_345866	gi|585198264|ref|XP_006750158.1|	100.000	100.00	21	0	0	1	21	90	110	1.40e-14	75.3
Query_345866	gi|829949369|ref|XP_012599453.1|	100.000	100.00	21	0	0	1	21	90	110	1.40e-14	75.3
Query_345866	gi|826315417|ref|XP_012507423.1|	100.000	100.00	21	0	0	1	21	90	110	1.40e-14	75.3
Query_345866	gi|823670710|gb|AKI70566.1|	100.000	100.00	21	0	0	1	21	90	110	1.40e-14	75.3
Query_345866	gi|823670708|gb|AKI70565.1|	100.000	100.00	21	0	0	1	21	90	110	1.40e-14	75.3
Query_345866	gi|823670706|gb|AKI70564.1|	100.000	100.00	21	0	0	1	21	90	110	1.40e-14	75.3
Query_345866	gi|602711552|ref|XP_007466015.1|	100.000	100.00	21	0	0	1	21	90	110	1.40e-14	75.3
Query_345866	gi|955539830|ref|XP_014651319.1|	100.000	100.00	21	0	0	1	21	90	110	1.40e-14	75.3
Query_345866	gi|472368670|ref|XP_004403859.1|	100.000	100.00	21	0	0	1	21	90	110	1.40e-14	75.3
Query_345866	gi|395742280|ref|XP_003777725.1|	100.000	100.00	21	0	0	1	21	91	111	1.40e-14	75.3
Query_345866	gi|594635596|ref|XP_007171218.1|	100.000	100.00	21	0	0	1	21	93	113	1.41e-14	75.3
Query_345866	gi|1060530993|ref|XP_017803627.1|	100.000	100.00	21	0	0	1	21	127	147	1.41e-14	75.3
Query_345866	gi|1059087099|ref|XP_017743290.1|	100.000	100.00	21	0	0	1	21	127	147	1.41e-14	75.3
Query_345866	gi|984133698|ref|XP_015358822.1|	100.000	100.00	21	0	0	1	21	127	147	1.41e-14	75.3
Query_345866	gi|966983386|ref|XP_014968840.1|	100.000	100.00	21	0	0	1	21	127	147	1.41e-14	75.3
Query_345866	gi|208668|gb|AAA72172.1|	100.000	100.00	21	0	0	1	21	94	114	1.41e-14	75.3
Query_345866	gi|635011294|ref|XP_008002825.1|	100.000	100.00	21	0	0	1	21	124	144	1.41e-14	75.3
Query_345866	gi|984133696|ref|XP_015358821.1|	100.000	100.00	21	0	0	1	21	115	135	1.42e-14	75.3
Query_345866	gi|820983801|ref|XP_003281396.2|	100.000	100.00	21	0	0	1	21	114	134	1.42e-14	75.3
Query_345866	gi|3885494|gb|AAC77920.1|	100.000	100.00	21	0	0	1	21	107	127	1.42e-14	75.3
Query_345866	gi|159162578|pdb|1K3M|A	95.238	95.24	21	1	0	1	21	1	21	1.91e-14	69.8
Query_345866	gi|229406|prf||720922A	95.238	100.00	21	1	0	1	21	1	21	2.26e-14	72.7
Query_345866	gi|229407|prf||720922B	95.238	100.00	21	1	0	1	21	1	21	2.26e-14	72.7
Query_345866	gi|32171956|sp|P01324.1|INS_ACOCA	95.238	100.00	21	1	0	1	21	31	51	2.26e-14	72.7